,sr,nsecode,name,bsecode,per_chg,close,volume,ScreenerName,TimeOfDay
101,102,RELCHEMQ,Reliance Chemotex Industries Ltd,503162,18.25,163.25,91741,MACD Bearish or Bullish crossover,27/02/2023 18:01:24
94,95,NETF,Tata Nifty ETF,535149,12.47,203.9,1632,MACD Bearish or Bullish crossover,27/02/2023 18:01:24
91,92,DSPNEWETF,DSP Nifty 50 Equal Weight ETF,543388,6.93,213.53,12588,MACD Bearish or Bullish crossover,27/02/2023 18:01:24
197,198,GAYAHWS,Gayatri Highways Ltd,541546,6.25,0.85,188811,MACD Bearish or Bullish crossover,27/02/2023 18:01:24
134,135,MODISONLTD,Modison Ltd,506261,6.14,62.25,84562,MACD Bearish or Bullish crossover,27/02/2023 18:01:24
164,165,3PLAND,3P Land Holdings Ltd,516092,4.99,22.1,11840,MACD Bearish or Bullish crossover,27/02/2023 18:01:24
171,172,MEP,Mep Infrastructure Developers Limited,539126,4.75,15.45,723062,MACD Bearish or Bullish crossover,27/02/2023 18:01:24
177,178,OMKARCHEM,Omkar Speciality Chemicals Limited,533317,4.64,10.15,2998,MACD Bearish or Bullish crossover,27/02/2023 18:01:24
187,188,ARSHIYA,Arshiya Limited,506074,4.35,6.0,1536245,MACD Bearish or Bullish crossover,27/02/2023 18:01:24
108,109,KILITCH,Kilitch Drugs (india) Limited,524500,4.18,145.7,9860,MACD Bearish or Bullish crossover,27/02/2023 18:01:24
71,72,SILVERTUC,Silver Touch Technologies Ltd,535031,4.04,340.95,8738,MACD Bearish or Bullish crossover,27/02/2023 18:01:24
112,113,KAPSTON,Kapston Facilities Management Ltd,535064,3.62,139.0,10091,MACD Bearish or Bullish crossover,27/02/2023 18:01:24
43,44,UTISENSETF,UTI Sensex ETF,539312,3.56,658.0,2011,MACD Bearish or Bullish crossover,27/02/2023 18:01:24
194,195,UNITECH,Unitech Limited,507878,3.23,1.6,326487,MACD Bearish or Bullish crossover,27/02/2023 18:01:24
193,194,RCOM,Reliance Communications Limited,532712,2.86,1.8,2205587,MACD Bearish or Bullish crossover,27/02/2023 18:01:24
135,136,IBREALEST,Indiabulls Real Estate Limited,532832,2.35,60.9,19708372,MACD Bearish or Bullish crossover,27/02/2023 18:01:24
184,185,AAKASH,Aakash Exploration Services Ltd,535076,2.13,7.2,526495,MACD Bearish or Bullish crossover,27/02/2023 18:01:24
32,33,ICICIBANK,Icici Bank Limited,532174,1.99,856.4,14422680,MACD Bearish or Bullish crossover,27/02/2023 18:01:24
88,89,POWERGRID,Power Grid Corporation Of India Limited,532898,1.93,219.2,13325265,MACD Bearish or Bullish crossover,27/02/2023 18:01:24
162,163,ORIENTABRA,Orient Abrasives Limited,504879,1.93,26.35,51286,MACD Bearish or Bullish crossover,27/02/2023 18:01:24
191,192,ROLTA,Rolta India Limited,500366,1.92,2.65,143456,MACD Bearish or Bullish crossover,27/02/2023 18:01:24
182,183,GREENPOWER,Orient Green Power Company Limited,533263,1.85,8.25,4579361,MACD Bearish or Bullish crossover,27/02/2023 18:01:24
160,161,NIRAJ,Niraj Cement Structurals Ltd,532986,1.79,28.4,5537,MACD Bearish or Bullish crossover,27/02/2023 18:01:24
1,2,ABBOTINDIA,Abbott India Limited,500488,1.72,20501.0,17630,MACD Bearish or Bullish crossover,27/02/2023 18:01:24
96,97,PPAP,Ppap Automotive Limited,532934,1.62,197.5,8173,MACD Bearish or Bullish crossover,27/02/2023 18:01:24
142,143,ICICI5GSEC,ICICI Prudential 5 Year G-Sec ETF,543480,1.46,51.5,4077,MACD Bearish or Bullish crossover,27/02/2023 18:01:24
21,22,APLAPOLLO,Apl Apollo Tubes Limited,533758,1.46,1240.6,517304,MACD Bearish or Bullish crossover,27/02/2023 18:01:24
52,53,SBIN,State Bank Of India,500112,1.28,527.7,11048800,MACD Bearish or Bullish crossover,27/02/2023 18:01:24
165,166,ARCHIES,Archies Limited,532212,1.26,20.05,33887,MACD Bearish or Bullish crossover,27/02/2023 18:01:24
180,181,CENTEXT,Century Extrusions Limited,500083,1.12,9.05,78036,MACD Bearish or Bullish crossover,27/02/2023 18:01:24
161,162,GUJRAFFIA,Gujarat Raffia Industries Ltd,523836,1.1,27.55,720,MACD Bearish or Bullish crossover,27/02/2023 18:01:24
18,19,MCX,Multi Commodity Exchange Of India Limited,534091,1.02,1385.15,145892,MACD Bearish or Bullish crossover,27/02/2023 18:01:24
28,29,GANECOS,Ganesha Ecosphere Limited,514167,0.89,882.0,16459,MACD Bearish or Bullish crossover,27/02/2023 18:01:24
67,68,AARTIDRUGS,Aarti Drugs Limited,524348,0.82,367.0,94613,MACD Bearish or Bullish crossover,27/02/2023 18:01:24
87,88,PETRONET,Petronet Lng Limited,532522,0.74,223.35,1458187,MACD Bearish or Bullish crossover,27/02/2023 18:01:24
185,186,PARSVNATH,Parsvnath Developers Limited,532780,0.7,7.15,64829,MACD Bearish or Bullish crossover,27/02/2023 18:01:24
76,77,CROMPTON,Crompton Greaves Consumer Electricals Limited,539876,0.65,300.85,2080036,MACD Bearish or Bullish crossover,27/02/2023 18:01:24
115,116,PCBL,PCBL Ltd,506590,0.61,116.0,1104795,MACD Bearish or Bullish crossover,27/02/2023 18:01:24
15,16,SAFARI,Safari Industries (India) Ltd,523025,0.53,1975.0,43225,MACD Bearish or Bullish crossover,27/02/2023 18:01:24
179,180,SCAPDVR,Stampede Capital Ltd-DVR,570005,0.52,9.6,218192,MACD Bearish or Bullish crossover,27/02/2023 18:01:24
176,177,AXISBPSETF,Axis AAA Bond Plus SDL ETF-2026 Matur. Reg. Growth,535381,0.47,10.76,10985,MACD Bearish or Bullish crossover,27/02/2023 18:01:24
24,25,RADICO,Radico Khaitan Limited,532497,0.46,1177.55,191080,MACD Bearish or Bullish crossover,27/02/2023 18:01:24
128,129,ASHOKA,Ashoka Buildcon Limited,533271,0.4,75.6,557429,MACD Bearish or Bullish crossover,27/02/2023 18:01:24
17,18,HESTERBIO,Hester Biosciences Limited,524669,0.38,1795.0,3867,MACD Bearish or Bullish crossover,27/02/2023 18:01:24
33,34,AXISBANK,Axis Bank Limited,532215,0.35,854.35,8064268,MACD Bearish or Bullish crossover,27/02/2023 18:01:24
25,26,EBBETF0431,Bharat Bond ETF - April 2031,543216,0.24,1108.88,13376,MACD Bearish or Bullish crossover,27/02/2023 18:01:24
20,21,EBBETF0430,Bharat Bond ETF - April 2030,542909,0.1,1242.44,8972,MACD Bearish or Bullish crossover,27/02/2023 18:01:24
22,23,EBBETF0423,Bharat Bond ETF - April 2023,542908,0.09,1221.5,15624,MACD Bearish or Bullish crossover,27/02/2023 18:01:24
23,24,SFL,Sheela Foam Limited,540203,0.04,1194.35,25691,MACD Bearish or Bullish crossover,27/02/2023 18:01:24
136,137,ICICIB22,Bharat 22 ETF,540787,0.02,58.07,166282,MACD Bearish or Bullish crossover,27/02/2023 18:01:24
26,27,LIQUIDBEES,Nippon India ETF Liquid BeES,590096,0.0,1000.0,1469715,MACD Bearish or Bullish crossover,27/02/2023 18:01:24
198,199,VIKASPROP,Vikas Proppant & Granite Ltd,531518,0.0,0.55,586288,MACD Bearish or Bullish crossover,27/02/2023 18:01:24
190,191,GAL,Gyscoal Alloys Limited,533275,0.0,2.7,291438,MACD Bearish or Bullish crossover,27/02/2023 18:01:24
27,28,ICICILIQ,ICICI Prudential Liquid ETF,541946,0.0,1000.0,431794,MACD Bearish or Bullish crossover,27/02/2023 18:01:24
152,153,ABSLNN50ET,Aditya Birla Sun Life Nifty Next 50 ETF,542230,-0.21,38.33,7313,MACD Bearish or Bullish crossover,27/02/2023 18:01:24
130,131,MANALIPETC,Manali Petrochemicals Limited,500268,-0.22,67.05,211330,MACD Bearish or Bullish crossover,27/02/2023 18:01:24
78,79,CHEMFAB,Chemfab Alkalis Ltd,541269,-0.22,272.1,12165,MACD Bearish or Bullish crossover,27/02/2023 18:01:24
61,62,PGIL,Pearl Global Industries Limited,532808,-0.24,397.0,11766,MACD Bearish or Bullish crossover,27/02/2023 18:01:24
41,42,CIGNITITEC,Cigniti Technologies Limited,534758,-0.33,708.15,107662,MACD Bearish or Bullish crossover,27/02/2023 18:01:24
69,70,BALRAMCHIN,Balrampur Chini Mills Limited,500038,-0.35,358.95,2124261,MACD Bearish or Bullish crossover,27/02/2023 18:01:24
2,3,ULTRACEMCO,Ultratech Cement Limited,532538,-0.42,7186.65,295092,MACD Bearish or Bullish crossover,27/02/2023 18:01:24
10,11,TIMKEN,Timken India Limited,522113,-0.45,2951.05,55396,MACD Bearish or Bullish crossover,27/02/2023 18:01:24
104,105,DSPQ50ETF,DSP Nifty Midcap 150 Quality 50 ETF,543438,-0.47,158.0,19599,MACD Bearish or Bullish crossover,27/02/2023 18:01:24
66,67,MAHLOG,Mahindra Logistics Ltd,540768,-0.54,374.3,358748,MACD Bearish or Bullish crossover,27/02/2023 18:01:24
93,94,NITINSPIN,Nitin Spinners Limited,532698,-0.56,205.4,42300,MACD Bearish or Bullish crossover,27/02/2023 18:01:24
127,128,NATIONALUM,National Aluminium Company Limited,532234,-0.57,77.85,8706919,MACD Bearish or Bullish crossover,27/02/2023 18:01:24
63,64,SETFNN50,SBI Nifty Next 50,532557,-0.59,391.0,81562,MACD Bearish or Bullish crossover,27/02/2023 18:01:24
151,152,ICICINXT50,ICICI Prudential Nifty Next 50 ETF,541809,-0.7,38.42,243135,MACD Bearish or Bullish crossover,27/02/2023 18:01:24
174,175,PATELENG,Patel Engineering Limited,531120,-0.74,13.35,2262546,MACD Bearish or Bullish crossover,27/02/2023 18:01:24
99,100,ARROWGREEN,Arrow Greentech Limited,516064,-0.74,181.0,10628,MACD Bearish or Bullish crossover,27/02/2023 18:01:24
48,49,PNBHOUSING,Pnb Housing Finance Limited,540173,-0.77,577.15,412706,MACD Bearish or Bullish crossover,27/02/2023 18:01:24
163,164,LICNETFGSC,LIC Nomura MF G-Sec Long Term ETF,532530,-0.83,22.61,11250,MACD Bearish or Bullish crossover,27/02/2023 18:01:24
110,111,PFC,Power Finance Corporation Limited,532810,-0.9,143.4,3683860,MACD Bearish or Bullish crossover,27/02/2023 18:01:24
64,65,JKPAPER,Jk Paper Limited,532162,-0.91,388.1,251337,MACD Bearish or Bullish crossover,27/02/2023 18:01:24
92,93,TATACOFFEE,Tata Coffee Limited,532301,-0.92,205.65,204903,MACD Bearish or Bullish crossover,27/02/2023 18:01:24
0,1,CNXNIFTYJUNIOR,CNXNIFTYJUNIOR,,-0.94,37153.15,0,MACD Bearish or Bullish crossover,27/02/2023 18:01:24
121,122,PRIMESECU,Prime Securities Limited,500337,-0.95,98.65,35550,MACD Bearish or Bullish crossover,27/02/2023 18:01:24
34,35,DCMSHRIRAM,Dcm Shriram Limited,523367,-0.97,840.6,12313,MACD Bearish or Bullish crossover,27/02/2023 18:01:24
123,124,MUNJALSHOW,Munjal Showa Limited,520043,-0.99,90.2,19216,MACD Bearish or Bullish crossover,27/02/2023 18:01:24
150,151,BALAJITELE,Balaji Telefilms Limited,532382,-1.04,42.75,57070,MACD Bearish or Bullish crossover,27/02/2023 18:01:24
83,84,VGUARD,V-guard Industries Limited,532953,-1.07,241.0,87961,MACD Bearish or Bullish crossover,27/02/2023 18:01:24
36,37,BARBEQUE,Barbeque-Nation Hospitality Ltd,543283,-1.07,731.0,56250,MACD Bearish or Bullish crossover,27/02/2023 18:01:24
8,9,ABB,Abb India Limited,500002,-1.08,3108.05,220067,MACD Bearish or Bullish crossover,27/02/2023 18:01:24
11,12,CAMS,Computer Age Management Services Ltd,543232,-1.1,2267.7,104543,MACD Bearish or Bullish crossover,27/02/2023 18:01:24
158,159,SJVN,Sjvn Limited,533206,-1.1,31.5,1786991,MACD Bearish or Bullish crossover,27/02/2023 18:01:24
122,123,KCP,Kcp Limited,590066,-1.14,95.5,83273,MACD Bearish or Bullish crossover,27/02/2023 18:01:24
140,141,ICICICOMMO,ICICICOMMO,,-1.17,54.15,859,MACD Bearish or Bullish crossover,27/02/2023 18:01:24
189,190,KAUSHALYA,Kaushalya Infrastructure Development Corporation Limited,532925,-1.18,4.2,12489,MACD Bearish or Bullish crossover,27/02/2023 18:01:24
147,148,UTISXN50,UTI S&P BSE Sensex Next 50 ETF,542513,-1.22,47.7,541,MACD Bearish or Bullish crossover,27/02/2023 18:01:24
126,127,GIPCL,Gujarat Industries Power Company Limited,517300,-1.33,77.85,68009,MACD Bearish or Bullish crossover,27/02/2023 18:01:24
107,108,SBIETFQLTY,SBI - ETF Quality,535127,-1.34,147.2,5118,MACD Bearish or Bullish crossover,27/02/2023 18:01:24
62,63,ORCHPHARMA,Orchid Pharma Ltd,524372,-1.42,396.0,4583,MACD Bearish or Bullish crossover,27/02/2023 18:01:24
16,17,ROLEXRINGS,Rolex Rings Ltd,543325,-1.43,1856.3,101477,MACD Bearish or Bullish crossover,27/02/2023 18:01:24
12,13,SRF,Srf Limited,503806,-1.47,2191.9,382295,MACD Bearish or Bullish crossover,27/02/2023 18:01:24
40,41,RAMCOCEM,The Ramco Cements Limited,500260,-1.49,709.8,377141,MACD Bearish or Bullish crossover,27/02/2023 18:01:24
85,86,GULPOLY,Gulshan Polyols Limited,,-1.49,224.8,22939,MACD Bearish or Bullish crossover,27/02/2023 18:01:24
42,43,MAZDOCK,Mazagon Dock Shipbuilders Ltd,543237,-1.52,704.2,659455,MACD Bearish or Bullish crossover,27/02/2023 18:01:24
35,36,RIIL,Reliance Industrial Infrastructure Limited,523445,-1.6,801.4,130744,MACD Bearish or Bullish crossover,27/02/2023 18:01:24
120,121,BEPL,Bhansali Engineering Polymers Limited,500052,-1.63,102.35,113570,MACD Bearish or Bullish crossover,27/02/2023 18:01:24
82,83,SOTL,Savita Oil Technologies Limited,524667,-1.63,253.3,35773,MACD Bearish or Bullish crossover,27/02/2023 18:01:24
14,15,ESCORTS,Escorts Limited,500495,-1.7,1981.75,286645,MACD Bearish or Bullish crossover,27/02/2023 18:01:24
51,52,SOMANYCERA,Somany Ceramics Limited,531548,-1.72,541.65,57747,MACD Bearish or Bullish crossover,27/02/2023 18:01:24
114,115,MAXVIL,Max Ventures And Industries Limited,539940,-1.73,127.8,83807,MACD Bearish or Bullish crossover,27/02/2023 18:01:24
153,154,FILATEX,Filatex India Limited,526227,-1.8,38.2,478091,MACD Bearish or Bullish crossover,27/02/2023 18:01:24
170,171,ONEPOINT,One Point One Solutions Ltd,535039,-1.8,16.35,495149,MACD Bearish or Bullish crossover,27/02/2023 18:01:24
44,45,DHANUKA,Dhanuka Agritech Limited,507717,-1.87,657.25,9944,MACD Bearish or Bullish crossover,27/02/2023 18:01:24
53,54,INFOBEAN,InfoBeans Technologies Ltd,532560,-1.87,513.0,9894,MACD Bearish or Bullish crossover,27/02/2023 18:01:24
50,51,HNDFDS,Hindustan Foods Ltd,519126,-1.9,558.95,20285,MACD Bearish or Bullish crossover,27/02/2023 18:01:24
117,118,MANGALAM,Mangalam Drugs And Organics Limited,532637,-1.92,107.5,9618,MACD Bearish or Bullish crossover,27/02/2023 18:01:24
105,106,PLASTIBLEN,Plastiblends India Limited,523648,-1.93,155.2,65804,MACD Bearish or Bullish crossover,27/02/2023 18:01:24
79,80,FORTIS,Fortis Healthcare Limited,532843,-1.94,265.7,591697,MACD Bearish or Bullish crossover,27/02/2023 18:01:24
97,98,BIL,Bhartiya International Limited,526666,-1.95,194.0,16867,MACD Bearish or Bullish crossover,27/02/2023 18:01:24
137,138,NETWORK18,Network18 Media & Investments Limited,532798,-1.97,57.35,351431,MACD Bearish or Bullish crossover,27/02/2023 18:01:24
95,96,HUHTAMAKI,Huhtamaki India Ltd,509820,-1.98,197.9,41944,MACD Bearish or Bullish crossover,27/02/2023 18:01:24
113,114,GREENPLY,Greenply Industries Limited,526797,-1.98,136.05,71098,MACD Bearish or Bullish crossover,27/02/2023 18:01:24
74,75,RUSHIL,Rushil Decor Limited,533470,-2.0,314.0,17041,MACD Bearish or Bullish crossover,27/02/2023 18:01:24
100,101,BAJAJCON,Bajaj Consumer Care Ltd,533229,-2.11,164.45,172927,MACD Bearish or Bullish crossover,27/02/2023 18:01:24
39,40,RAJRATAN,Rajratan Global Wire Ltd,517522,-2.11,725.0,35698,MACD Bearish or Bullish crossover,27/02/2023 18:01:24
131,132,WELSPUNIND,Welspun India Limited,514162,-2.12,67.05,356844,MACD Bearish or Bullish crossover,27/02/2023 18:01:24
38,39,SANSERA,Sansera Engineering Ltd,543358,-2.14,728.5,45195,MACD Bearish or Bullish crossover,27/02/2023 18:01:24
3,4,MAHSCOOTER,Maharashtra Scooters Limited,500266,-2.15,4400.0,1829,MACD Bearish or Bullish crossover,27/02/2023 18:01:24
37,38,ADFFOODS,Adf Foods Limited,519183,-2.17,729.2,6325,MACD Bearish or Bullish crossover,27/02/2023 18:01:24
54,55,UNOMINDA,Uno Minda Ltd,532539,-2.21,499.45,168594,MACD Bearish or Bullish crossover,27/02/2023 18:01:24
172,173,VISHWARAJ,Vishwaraj Sugar Industries Ltd,542852,-2.22,15.4,282839,MACD Bearish or Bullish crossover,27/02/2023 18:01:24
106,107,RAMRAT,Ram Ratna Wires Ltd,522281,-2.26,151.55,15955,MACD Bearish or Bullish crossover,27/02/2023 18:01:24
46,47,CARERATING,Credit Analysis And Research Limited,534804,-2.31,630.25,58050,MACD Bearish or Bullish crossover,27/02/2023 18:01:24
4,5,COFORGE,Coforge (Niit Tech),532541,-2.37,4273.95,464669,MACD Bearish or Bullish crossover,27/02/2023 18:01:24
133,134,INDSWFTLAB,Ind-swift Laboratories Limited,532305,-2.41,62.8,26639,MACD Bearish or Bullish crossover,27/02/2023 18:01:24
124,125,TNPETRO,Tamilnadu Petroproducts Limited,500777,-2.44,80.1,84172,MACD Bearish or Bullish crossover,27/02/2023 18:01:24
56,57,INTELLECT,Intellect Design Arena Limited,538835,-2.44,450.35,259019,MACD Bearish or Bullish crossover,27/02/2023 18:01:24
141,142,AGSTRA,AGS Transact Technologies Ltd,543451,-2.55,53.5,168319,MACD Bearish or Bullish crossover,27/02/2023 18:01:24
166,167,MCLEODRUSS,Mcleod Russel India Limited,532654,-2.55,19.1,251985,MACD Bearish or Bullish crossover,27/02/2023 18:01:24
75,76,KIRLOSENG,Kirloskar Oil Engines Limited,533293,-2.61,306.45,199470,MACD Bearish or Bullish crossover,27/02/2023 18:01:24
7,8,CRAFTSMAN,Craftsman Automation Ltd,543276,-2.63,3300.0,104197,MACD Bearish or Bullish crossover,27/02/2023 18:01:24
9,10,PIIND,Pi Industries Limited,523642,-2.64,3032.6,259646,MACD Bearish or Bullish crossover,27/02/2023 18:01:24
132,133,PRECWIRE,Precision Wires India Limited,523539,-2.72,64.4,198814,MACD Bearish or Bullish crossover,27/02/2023 18:01:24
19,20,LUXIND,Lux Industries Limited,539542,-2.73,1305.65,33768,MACD Bearish or Bullish crossover,27/02/2023 18:01:24
68,69,SANGHVIMOV,Sanghvi Movers Limited,530073,-2.76,359.45,124671,MACD Bearish or Bullish crossover,27/02/2023 18:01:24
45,46,UTIAMC,UTI Asset Management Company Ltd,543238,-2.78,650.0,80390,MACD Bearish or Bullish crossover,27/02/2023 18:01:24
146,147,VARDHACRLC,Vardhman Acrylics Limited,,-2.83,48.05,28836,MACD Bearish or Bullish crossover,27/02/2023 18:01:24
49,50,LICI,Life Insurance Corporation of India,543526,-2.88,567.75,1912716,MACD Bearish or Bullish crossover,27/02/2023 18:01:24
55,56,KEC,Kec International Limited,532714,-2.89,459.75,406428,MACD Bearish or Bullish crossover,27/02/2023 18:01:24
90,91,RAMCOSYS,Ramco Systems Limited,532370,-2.9,214.2,36134,MACD Bearish or Bullish crossover,27/02/2023 18:01:24
169,170,SALSTEEL,SAL Steel,532604,-2.91,16.7,223112,MACD Bearish or Bullish crossover,27/02/2023 18:01:24
57,58,DECCANCE,Deccan Cements Limited,502137,-2.96,448.5,5740,MACD Bearish or Bullish crossover,27/02/2023 18:01:24
81,82,ASTRAMICRO,Astra Microwave Products Limited,532493,-3.01,261.05,239058,MACD Bearish or Bullish crossover,27/02/2023 18:01:24
5,6,NAVINFLUOR,Navin Fluorine International Limited,532504,-3.06,4091.0,136024,MACD Bearish or Bullish crossover,27/02/2023 18:01:24
58,59,AVADHSUGAR,Avadh Sugar & Energy,540649,-3.1,422.9,25483,MACD Bearish or Bullish crossover,27/02/2023 18:01:24
80,81,PODDARMENT,Poddar Pigments Limited,524570,-3.12,262.0,2975,MACD Bearish or Bullish crossover,27/02/2023 18:01:24
118,119,ASHAPURMIN,Ashapura Minechem Limited,527001,-3.14,105.0,199879,MACD Bearish or Bullish crossover,27/02/2023 18:01:24
156,157,MURUDCERA,Murudeshwar Ceramics Limited,515037,-3.15,33.8,41904,MACD Bearish or Bullish crossover,27/02/2023 18:01:24
60,61,MANORG,Mangalam Organics Ltd,514418,-3.24,410.0,7662,MACD Bearish or Bullish crossover,27/02/2023 18:01:24
168,169,SHYAMCENT,Shyam Century Ferrous Limited,539252,-3.31,17.55,258676,MACD Bearish or Bullish crossover,27/02/2023 18:01:24
159,160,MMTC,Mmtc Limited,513377,-3.32,30.55,769589,MACD Bearish or Bullish crossover,27/02/2023 18:01:24
116,117,STARCEMENT,Star Cement Ltd,540575,-3.35,109.5,112622,MACD Bearish or Bullish crossover,27/02/2023 18:01:24
139,140,MADRASFERT,Madras Fertilizers Limited,590134,-3.38,54.3,209715,MACD Bearish or Bullish crossover,27/02/2023 18:01:24
129,130,CESC,Cesc Limited,500084,-3.39,69.75,7682886,MACD Bearish or Bullish crossover,27/02/2023 18:01:24
72,73,AGI,AGI Greenpac Ltd,500187,-3.49,336.15,214896,MACD Bearish or Bullish crossover,27/02/2023 18:01:24
102,103,BSL,Bsl Limited,514045,-3.54,162.05,2001,MACD Bearish or Bullish crossover,27/02/2023 18:01:24
188,189,GTL,Gtl Limited,500160,-3.57,5.4,476255,MACD Bearish or Bullish crossover,27/02/2023 18:01:24
31,32,PUNJABCHEM,Punjab Chemicals & Crop Protection Limited,506618,-3.58,868.9,14018,MACD Bearish or Bullish crossover,27/02/2023 18:01:24
65,66,EIHAHOTELS,Eih Associated Hotels Limited,523127,-3.6,381.85,20835,MACD Bearish or Bullish crossover,27/02/2023 18:01:24
98,99,KIOCL,Kiocl Limited,,-3.65,189.0,44506,MACD Bearish or Bullish crossover,27/02/2023 18:01:24
84,85,UTTAMSUGAR,Uttam Sugar Mills Limited,532729,-3.65,240.5,57431,MACD Bearish or Bullish crossover,27/02/2023 18:01:24
86,87,SAKAR,Sakar Healthcare Ltd,538377,-3.67,224.6,16341,MACD Bearish or Bullish crossover,27/02/2023 18:01:24
148,149,SHRADHA,Shradha Infraprojects (Nagpur) Ltd,535035,-3.69,47.0,15785,MACD Bearish or Bullish crossover,27/02/2023 18:01:24
119,120,ANANTRAJ,Anant Raj Limited,515055,-3.8,103.9,1213890,MACD Bearish or Bullish crossover,27/02/2023 18:01:24
6,7,ESABINDIA,Esab India Limited,500133,-3.93,3809.4,5043,MACD Bearish or Bullish crossover,27/02/2023 18:01:24
181,182,ESSARSHPNG,Essar Shipping Limited,533704,-3.98,8.45,152647,MACD Bearish or Bullish crossover,27/02/2023 18:01:24
111,112,HERITGFOOD,Heritage Foods Limited,519552,-4.03,141.85,179035,MACD Bearish or Bullish crossover,27/02/2023 18:01:24
47,48,GUJALKALI,Gujarat Alkalies And Chemicals Limited,530001,-4.08,613.1,84350,MACD Bearish or Bullish crossover,27/02/2023 18:01:24
192,193,FCSSOFT,Fcs Software Solutions Limited,532666,-4.08,2.35,3567770,MACD Bearish or Bullish crossover,27/02/2023 18:01:24
195,196,SHRENIK,Shrenik Ltd,538441,-4.17,1.15,1969321,MACD Bearish or Bullish crossover,27/02/2023 18:01:24
186,187,ORIENTALTL,Oriental Trimex Limited,532817,-4.2,6.85,23681,MACD Bearish or Bullish crossover,27/02/2023 18:01:24
73,74,BOROLTD,Borosil Ltd,543212,-4.22,317.95,62870,MACD Bearish or Bullish crossover,27/02/2023 18:01:24
173,174,OILCOUNTUB,Oil Country Tubular Limited,500313,-4.29,13.4,24267,MACD Bearish or Bullish crossover,27/02/2023 18:01:24
178,179,DHARSUGAR,Dharani Sugars & Chemicals Limited,507442,-4.43,9.7,12576,MACD Bearish or Bullish crossover,27/02/2023 18:01:24
149,150,BHAGYANGR,Bhagyanagar India,512296,-4.61,46.55,20015,MACD Bearish or Bullish crossover,27/02/2023 18:01:24
145,146,OMAXAUTO,Omax Autos Limited,520021,-4.75,48.1,34890,MACD Bearish or Bullish crossover,27/02/2023 18:01:24
196,197,GOENKA,Goenka Diamond And Jewels Limited,533189,-4.76,1.0,477145,MACD Bearish or Bullish crossover,27/02/2023 18:01:24
175,176,INDOWIND,Indowind Energy Limited,532894,-4.8,11.9,104309,MACD Bearish or Bullish crossover,27/02/2023 18:01:24
125,126,MOTHERSON,Motherson Sumi Systems Limited,517334,-4.85,78.45,10273136,MACD Bearish or Bullish crossover,27/02/2023 18:01:24
157,158,CROWN,Crown Lifters Ltd,538371,-4.86,33.25,13,MACD Bearish or Bullish crossover,27/02/2023 18:01:24
143,144,SHAHALLOYS,Shah Alloys Limited,513436,-4.96,50.8,31174,MACD Bearish or Bullish crossover,27/02/2023 18:01:24
154,155,SERVOTECH,Servotech Power Systems Ltd,535002,-4.97,37.3,69299,MACD Bearish or Bullish crossover,27/02/2023 18:01:24
70,71,AWL,Adani Wilmar Ltd,543458,-4.99,344.45,2731463,MACD Bearish or Bullish crossover,27/02/2023 18:01:24
29,30,KAYNES,Kaynes Technology India Ltd,535493,-5.13,875.85,323023,MACD Bearish or Bullish crossover,27/02/2023 18:01:24
155,156,COFFEEDAY,Coffee Day Enterprises Limited,539436,-5.19,34.7,1766873,MACD Bearish or Bullish crossover,27/02/2023 18:01:24
59,60,BCLIND,BCL Industries Ltd,524332,-5.21,420.3,110904,MACD Bearish or Bullish crossover,27/02/2023 18:01:24
89,90,BANCOINDIA,Banco Products (i) Limited,500039,-5.28,216.1,174829,MACD Bearish or Bullish crossover,27/02/2023 18:01:24
30,31,GNA,Gna Axles Limited,540124,-5.5,869.45,85807,MACD Bearish or Bullish crossover,27/02/2023 18:01:24
103,104,BTML,Bodhi Tree Multimedia Ltd,535366,-5.61,160.75,48111,MACD Bearish or Bullish crossover,27/02/2023 18:01:24
167,168,VARDMNPOLY,Vardhman Polytex Limited,514175,-6.0,18.8,20214,MACD Bearish or Bullish crossover,27/02/2023 18:01:24
183,184,SUPERSPIN,Super Spinning Mills Limited,521180,-6.1,7.7,68929,MACD Bearish or Bullish crossover,27/02/2023 18:01:24
138,139,MAHESHWARI,Maheshwari Logistics Ltd,538394,-6.43,56.8,40787,MACD Bearish or Bullish crossover,27/02/2023 18:01:24
13,14,MPHASIS,Mphasis Limited,526299,-7.19,2039.85,1287026,MACD Bearish or Bullish crossover,27/02/2023 18:01:24
144,145,MARALOVER,Maral Overseas Limited,521018,-7.35,48.5,12944,MACD Bearish or Bullish crossover,27/02/2023 18:01:24
109,110,JINDALSAW,Jindal Saw Limited,500378,-7.65,145.5,3886429,MACD Bearish or Bullish crossover,27/02/2023 18:01:24
77,78,DATAMATICS,Datamatics Global Services Limited,532528,-7.85,298.2,356891,MACD Bearish or Bullish crossover,27/02/2023 18:01:24
0,1,TDPOWERSYS,Td Power Systems Limited,533553,2.74,144.6,1229056,pure bullish trend stocks,27/02/2023 18:03:16
1,2,BPCL,Bharat Petroleum Corporation Limited,500547,0.91,320.45,1981003,Golden Crossover,27/02/2023 18:04:24
2,3,OIL,Oil India Limited,533106,0.9,245.35,1512429,Golden Crossover,27/02/2023 18:04:24
0,1,PIDILITIND,Pidilite Industries Limited,500331,0.17,2279.65,231861,Golden Crossover,27/02/2023 18:04:24
8,9,CHEMPLASTS,Chemplast Sanmar Ltd,543336,6.65,408.35,1064108,Bullish Engulfing Pattern,27/02/2023 18:05:31
11,12,SOFTTECH,Softtech Engineers Ltd,535078,5.0,176.45,3336,Bullish Engulfing Pattern,27/02/2023 18:05:31
9,10,SILVERTUC,Silver Touch Technologies Ltd,535031,4.04,340.95,11078,Bullish Engulfing Pattern,27/02/2023 18:05:31
5,6,SHANKARA,Shankara Building Products,540425,3.38,704.1,54839,Bullish Engulfing Pattern,27/02/2023 18:05:31
2,3,MANYAVAR,Vedant Fashions Ltd,543463,3.06,1198.45,81977,Bullish Engulfing Pattern,27/02/2023 18:05:31
12,13,BANKBARODA,Bank Of Baroda,532134,2.85,159.0,29046654,Bullish Engulfing Pattern,27/02/2023 18:05:31
6,7,SURYAROSNI,Surya Roshni Limited,500336,2.54,681.3,286259,Bullish Engulfing Pattern,27/02/2023 18:05:31
14,15,ARVIND,Arvind Limited,500101,2.5,81.85,931950,Bullish Engulfing Pattern,27/02/2023 18:05:31
13,14,GRAUWEIL,Grauer & Weil (India) Ltd,505710,2.32,96.9,862645,Bullish Engulfing Pattern,27/02/2023 18:05:31
3,4,SANDESH,The Sandesh Limited,526725,2.11,878.9,2589,Bullish Engulfing Pattern,27/02/2023 18:05:31
4,5,ICICIBANK,Icici Bank Limited,532174,1.99,856.4,14422579,Bullish Engulfing Pattern,27/02/2023 18:05:31
16,17,TNIDETF,Tata Nifty India Digital ETF,535445,1.79,56.9,9283,Bullish Engulfing Pattern,27/02/2023 18:05:31
7,8,KOTAKBKETF,Kotak Banking ETF,590136,1.38,410.5,36040,Bullish Engulfing Pattern,27/02/2023 18:05:31
17,18,J&KBANK,The Jammu & Kashmir Bank Limited,532209,1.03,49.05,4363690,Bullish Engulfing Pattern,27/02/2023 18:05:31
0,1,BANKNIFTY,BANKNIFTY,,1.0,40307.1,0,Bullish Engulfing Pattern,27/02/2023 18:05:31
10,11,SBIETFPB,SBI ETF PRIVATE BANK,535368,0.92,206.79,565,Bullish Engulfing Pattern,27/02/2023 18:05:31
1,2,NIFTYPVTBANK,NIFTYPVTBANK,,0.86,20558.0,0,Bullish Engulfing Pattern,27/02/2023 18:05:31
15,16,ASHOKA,Ashoka Buildcon Limited,533271,0.4,75.6,578274,Bullish Engulfing Pattern,27/02/2023 18:05:31
0,1,INDLMETER,Imp Powers Limited,517571,2.06,4.95,10451,Morning Star - Bullish Pattern,27/02/2023 18:07:28
7,8,POWERGRID,Power Grid Corporation Of India Limited,532898,1.93,219.2,13325265,bullish-rsi-stochastic,27/02/2023 18:08:32
6,7,DLF,Dlf Limited,532868,1.13,349.95,3702141,bullish-rsi-stochastic,27/02/2023 18:08:32
1,2,OBEROIRLTY,Oberoi Realty Limited,533273,0.96,853.4,295134,bullish-rsi-stochastic,27/02/2023 18:08:32
3,4,MFSL,Max Financial Services Limited,500271,0.92,700.0,506675,bullish-rsi-stochastic,27/02/2023 18:08:32
8,9,NTPC,Ntpc Limited,532555,0.82,172.4,17670167,bullish-rsi-stochastic,27/02/2023 18:08:32
4,5,CANFINHOME,Can Fin Homes Limited,511196,0.66,570.2,445173,bullish-rsi-stochastic,27/02/2023 18:08:32
5,6,ADANIPORTS,Adani Ports And Special Economic Zone Limited,532921,0.55,562.0,8484395,bullish-rsi-stochastic,27/02/2023 18:08:32
0,1,COROMANDEL,Coromandel International Limited,506395,0.41,891.9,336552,bullish-rsi-stochastic,27/02/2023 18:08:32
9,10,ONGC,Oil & Natural Gas Corporation Limited,500312,0.16,155.25,11904749,bullish-rsi-stochastic,27/02/2023 18:08:32
2,3,SBICARD,SBI Cards & Payment Services Ltd,543066,0.02,746.5,623830,bullish-rsi-stochastic,27/02/2023 18:08:32
2,3,CHEMPLASTS,Chemplast Sanmar Ltd,543336,6.65,408.35,1042642,Bullish Engulf,27/02/2023 18:09:32
4,5,MACPOWER,Macpower CNC Machines Ltd,535057,4.4,303.85,17140,Bullish Engulf,27/02/2023 18:09:32
6,7,ARVIND,Arvind Limited,500101,2.5,81.85,875297,Bullish Engulf,27/02/2023 18:09:32
3,4,SHANTIGEAR,Shanthi Gears Limited,522034,2.49,335.0,77680,Bullish Engulf,27/02/2023 18:09:32
8,9,SMSPHARMA,Sms Pharmaceuticals Limited,532815,2.27,69.7,27498,Bullish Engulf,27/02/2023 18:09:32
0,1,ICICIBANK,Icici Bank Limited,532174,1.99,856.4,14422579,Bullish Engulf,27/02/2023 18:09:32
1,2,DIAMONDYD,Prataap Snacks Ltd,540724,1.27,801.1,4522,Bullish Engulf,27/02/2023 18:09:32
5,6,FEDERALBNK,The Federal Bank  Limited,500469,1.18,128.65,8137512,Bullish Engulf,27/02/2023 18:09:32
9,10,J&KBANK,The Jammu & Kashmir Bank Limited,532209,1.03,49.05,4005556,Bullish Engulf,27/02/2023 18:09:32
7,8,ASHOKA,Ashoka Buildcon Limited,533271,0.4,75.6,550006,Bullish Engulf,27/02/2023 18:09:32
0,1,BANKBARODA,Bank Of Baroda,532134,2.85,159.0,29050155,TSS Momentum Long,27/02/2023 18:10:30
0,1,AUBANK,AU Small Finance Bank,540611,-0.14,597.2,1169695,My-intraday-buy-setup-ADX,27/02/2023 18:21:27
1,2,AUROPHARMA,Aurobindo Pharma Limited,524804,-2.35,458.2,1045308,My-intraday-buy-setup-ADX,27/02/2023 18:21:27
1,2,TDPOWERSYS,Td Power Systems Limited,533553,2.74,144.6,1229056,Bullish - Momentum Stocks,27/02/2023 18:22:23
0,1,NTPC,Ntpc Limited,532555,0.82,172.4,17669762,Bullish - Momentum Stocks,27/02/2023 18:22:23
